(0,0.1) (1,0.4478945219278) (2,1.5429785753268281) (3,1.7808050101493578) (4,1.6203627613522102) (5,1.7309747048224395) (6,1.6555092778797795) (7,1.7074453756088621) (8,1.6718852693937032) (9,1.6963274265294677) (10,1.6795688166882423) (11,1.691079767509568) (12,1.6831826346795171) (13,1.6886050021401784) (14,1.684883963395054) (15,1.6874384805915217) 

(0,0.1) (1,0.4478945219278) (2,1.5429785753268281) (3,1.7808050101493578) (4,1.6203627613522102) (5,1.7309747048224395) (6,1.6555092778797795) (7,1.7074453756088621) (8,1.6718852693937032) (9,1.6963274265294677) (10,1.6795688166882423) (11,1.691079767509568) (12,1.6831826346795171) (13,1.6886050021401784) (14,1.684883963395054) (15,1.6874384805915217) 

(0,0.1) (1,0.4478945219278) (2,1.5429785753268281) (3,1.7808050101493578) (4,1.6203627613522102) (5,1.7309747048224395) (6,1.6555092778797795) (7,1.7074453756088621) (8,1.6718852693937032) (9,1.6963274265294677) (10,1.6795688166882423) (11,1.691079767509568) (12,1.6831826346795171) (13,1.6886050021401784) (14,1.684883963395054) (15,1.6874384805915217) 

(0,0.1) (1,0.4478945219278) (2,1.5429785753268281) (3,1.7808050101493578) (4,1.6203627613522102) (5,1.7309747048224395) (6,1.6555092778797795) (7,1.7074453756088621) (8,1.6718852693937032) (9,1.6963274265294677) (10,1.6795688166882423) (11,1.691079767509568) (12,1.6831826346795171) (13,1.6886050021401784) (14,1.684883963395054) (15,1.6874384805915217) 

(0,0.1) (1,0.4478945219278) (2,1.5429785753268281) (3,1.7808050101493578) (4,1.6203627613522102) (5,1.7309747048224395) (6,1.6555092778797795) (7,1.7074453756088621) (8,1.6718852693937032) (9,1.6963274265294677) (10,1.6795688166882423) (11,1.691079767509568) (12,1.6831826346795171) (13,1.6886050021401784) (14,1.684883963395054) (15,1.6874384805915217) 

(0,0.1) (1,0.4478945219278) (2,1.5429785753268281) (3,1.7808050101493578) (4,1.6203627613522102) (5,1.7309747048224395) (6,1.6555092778797795) (7,1.7074453756088621) (8,1.6718852693937032) (9,1.6963274265294677) (10,1.6795688166882423) (11,1.691079767509568) (12,1.6831826346795171) (13,1.6886050021401784) (14,1.684883963395054) (15,1.6874384805915217) 

(0,0.1) (1,0.4478945219278) (2,1.5429785753268281) (3,1.7808050101493578) (4,1.6203627613522102) (5,1.7309747048224395) (6,1.6555092778797795) (7,1.7074453756088621) (8,1.6718852693937032) (9,1.6963274265294677) (10,1.6795688166882423) (11,1.691079767509568) (12,1.6831826346795171) (13,1.6886050021401784) (14,1.684883963395054) (15,1.6874384805915217) 

(0,0.1) (1,0.4478945219278) (2,1.5429785753268281) (3,1.7808050101493578) (4,1.6203627613522102) (5,1.7309747048224395) (6,1.6555092778797795) (7,1.7074453756088621) (8,1.6718852693937032) (9,1.6963274265294677) (10,1.6795688166882423) (11,1.691079767509568) (12,1.6831826346795171) (13,1.6886050021401784) (14,1.684883963395054) (15,1.6874384805915217) 

(0,0.1) (1,0.4478945219278) (2,1.5429785753268281) (3,1.7808050101493578) (4,1.6203627613522102) (5,1.7309747048224395) (6,1.6555092778797795) (7,1.7074453756088621) (8,1.6718852693937032) (9,1.6963274265294677) (10,1.6795688166882423) (11,1.691079767509568) (12,1.6831826346795171) (13,1.6886050021401784) (14,1.684883963395054) (15,1.6874384805915217) 

(0,0.1) (1,0.4478945219278) (2,1.5429785753268281) (3,1.7808050101493578) (4,1.6203627613522102) (5,1.7309747048224395) (6,1.6555092778797795) (7,1.7074453756088621) (8,1.6718852693937032) (9,1.6963274265294677) (10,1.6795688166882423) (11,1.691079767509568) (12,1.6831826346795171) (13,1.6886050021401784) (14,1.684883963395054) (15,1.6874384805915217) 

(0,0.1) (1,0.4478945219278) (2,1.5429785753268281) (3,1.7808050101493578) (4,1.6203627613522102) (5,1.7309747048224395) (6,1.6555092778797795) (7,1.7074453756088621) (8,1.6718852693937032) (9,1.6963274265294677) (10,1.6795688166882423) (11,1.691079767509568) (12,1.6831826346795171) (13,1.6886050021401784) (14,1.684883963395054) (15,1.6874384805915217) 

(0,0.1) (1,0.4478945219278) (2,1.5429785753268281) (3,1.7808050101493578) (4,1.6203627613522102) (5,1.7309747048224395) (6,1.6555092778797795) (7,1.7074453756088621) (8,1.6718852693937032) (9,1.6963274265294677) (10,1.6795688166882423) (11,1.691079767509568) (12,1.6831826346795171) (13,1.6886050021401784) (14,1.684883963395054) (15,1.6874384805915217) 

(0,0.1) (1,0.4478945219278) (2,1.5429785753268281) (3,1.7808050101493578) (4,1.6203627613522102) (5,1.7309747048224395) (6,1.6555092778797795) (7,1.7074453756088621) (8,1.6718852693937032) (9,1.6963274265294677) (10,1.6795688166882423) (11,1.691079767509568) (12,1.6831826346795171) (13,1.6886050021401784) (14,1.684883963395054) (15,1.6874384805915217) (16,1.685685254115203) (17,1.6868887561807087) (18,1.6860627159791801) (19,1.6866297289653562) (20,1.6862405412324242) (21,1.686507683697434) (22,1.6863243194712414) (23,1.6864501814641655) (24,1.6863637903859752) (25,1.6864230893492191) (26,1.6863823867054475) (27,1.6864103250058422) (28,1.6863911482084477) (29,1.6864043111528344) (30,1.6863952761266339) (31,1.6864014777615437) (32,1.6863972209669527) (33,1.6864001428268338) (34,1.6863981372655177) (35,1.6863995138808237) (36,1.6863985689735737) (37,1.686399217556947) (38,1.6863987723700107) (39,1.6863990779458637) (40,1.6863988681989208) 

